[[[0, 0], [0, 0], [0, 0], [0, 0], [0, 0], [0, 0], [0, 0], [0, 0], [0, 0]], [[0, 0], [0, 0], [0, 0], [0, 0], [0, 0], [0, 0], [0, 0], [0, 0], [0, 0]], [[0, 0], [0, 0], [0, 0], [0, 0], [0, 0], [0, 0], [0, 0], [0, 0], [0, 0]], [[0, 0], [0, 0], [0, 0], [0, 0], [0, 0], [0, 0], [0, 0], [0, 0], [0, 0]], [[0, 0], [0, 0], [0, 0], [0, 0], [0, 0], [0, 0], [0, 0], [0, 0], [0, 0]], [[0, 0], [0, 0], [0, 0], [0, 0], [0, 0], [0, 0], [0, 0], [0, 0], [0, 0]], [[0, 0], [0, 0], [0, 0], [0, 0], [0, 0], [0, 0], [0, 0], [0, 0], [0, 0]], [[0, 0], [0, 0], [0, 0], [0, 0], [0, 0], [0, 0], [0, 0], [0, 0], [0, 0]], [[0, 0], [0, 0], [0, 0], [0, 0], [0, 0], [0, 0], [0, 0], [0, 0], [0, 0]]]
[]
25
20
8
[[[0, 0], [0, 0], [0, 0], [0, 0], [0, 0], [0, 0], [0, 0], [0, 0], [0, 0]], [[0, 1], [0, 1], [0, 1], [0, 1], [0, 1], [0, 1], [0, 1], [0, 1], [0, 0]], [[0, 0], [0, 0], [0, 0], [0, 0], [0, 0], [0, 0], [0, 0], [0, 0], [0, 0]], [[0, 0], [0, 0], [0, 0], [0, 0], [0, 0], [0, 0], [0, 0], [0, 0], [0, 0]], [[0, 0], [0, 0], [0, 0], [0, 0], [0, 0], [0, 0], [0, 0], [0, 0], [0, 0]], [[0, 0], [0, 0], [0, 0], [0, 0], [0, 0], [0, 0], [0, 0], [0, 0], [0, 0]], [[0, 1], [0, 1], [0, 1], [0, 1], [0, 1], [0, 1], [0, 1], [0, 1], [0, 0]], [[0, 0], [0, 0], [0, 0], [0, 0], [0, 0], [0, 0], [0, 0], [0, 0], [0, 0]], [[0, 0], [0, 0], [0, 0], [0, 0], [0, 0], [0, 0], [0, 0], [0, 0], [0, 0]]]
[(0, 1, 1), (2, 1, 1), (4, 1, 1), (6, 1, 1), (0, 6, 1), (2, 6, 1), (4, 6, 1), (6, 6, 1)]
40
40
0
[[[0, 0], [0, 0], [0, 0], [0, 1], [1, 1], [0, 0], [0, 0], [0, 0], [0, 0]], [[0, 0], [0, 0], [1, 0], [0, 0], [1, 0], [0, 0], [0, 0], [0, 0], [0, 0]], [[0, 0], [0, 1], [1, 1], [0, 0], [0, 0], [0, 0], [0, 0], [0, 0], [0, 0]], [[1, 0], [0, 0], [0, 0], [0, 0], [0, 0], [0, 0], [0, 0], [0, 0], [0, 0]], [[1, 0], [0, 0], [0, 0], [0, 0], [0, 0], [0, 0], [0, 0], [1, 0], [0, 0]], [[0, 0], [0, 0], [0, 0], [0, 0], [0, 0], [0, 0], [0, 1], [1, 1], [0, 0]], [[0, 0], [0, 0], [0, 0], [0, 0], [0, 0], [1, 0], [0, 0], [0, 0], [0, 0]], [[0, 0], [0, 0], [0, 0], [1, 0], [0, 1], [1, 1], [0, 0], [0, 0], [0, 0]], [[0, 0], [0, 0], [0, 0], [1, 0], [0, 0], [0, 0], [0, 0], [0, 0], [0, 0]]]
[(0, 3, 0), (1, 2, 1), (2, 1, 0), (3, 0, 1), (4, 0, 0), (7, 4, 0), (6, 5, 1), (5, 6, 0), (4, 7, 1), (3, 7, 0)]
60
80
24
[[[0, 0], [0, 0], [0, 1], [0, 1], [0, 0], [0, 1], [0, 1], [0, 0], [0, 0]], [[0, 0], [1, 0], [0, 0], [1, 0], [1, 0], [0, 0], [1, 0], [0, 0], [0, 0]], [[0, 0], [1, 0], [0, 1], [1, 1], [1, 0], [0, 1], [1, 1], [0, 0], [0, 0]], [[0, 0], [0, 0], [0, 0], [0, 0], [0, 0], [0, 0], [0, 0], [0, 0], [0, 0]], [[0, 0], [1, 0], [0, 0], [0, 0], [0, 0], [0, 0], [1, 0], [0, 0], [0, 0]], [[0, 0], [1, 0], [0, 1], [0, 1], [0, 1], [0, 1], [1, 1], [0, 1], [0, 0]], [[0, 0], [0, 0], [0, 0], [0, 0], [0, 0], [0, 0], [0, 0], [0, 0], [0, 0]], [[0, 0], [0, 0], [0, 0], [0, 0], [0, 0], [0, 0], [0, 0], [0, 0], [0, 0]], [[0, 0], [0, 0], [0, 0], [0, 0], [0, 0], [0, 0], [0, 0], [0, 0], [0, 0]]]
[(2, 2, 1), (5, 2, 1), (1, 4, 0), (2, 5, 1), (4, 5, 1), (6, 5, 1), (6, 4, 0), (1, 1, 0), (2, 0, 1), (3, 1, 0), (4, 1, 0), (5, 0, 1), (6, 1, 0)]
40
30
16
[[[0, 0], [0, 0], [0, 0], [0, 0], [0, 0], [0, 0], [0, 0], [0, 0], [0, 0]], [[0, 0], [0, 0], [0, 0], [0, 0], [0, 1], [0, 1], [0, 1], [0, 1], [0, 0]], [[0, 0], [0, 1], [1, 1], [0, 1], [0, 1], [1, 0], [0, 0], [0, 0], [0, 0]], [[0, 0], [0, 0], [1, 0], [0, 0], [0, 1], [1, 1], [0, 1], [0, 1], [0, 0]], [[0, 0], [0, 1], [1, 1], [0, 1], [0, 1], [1, 0], [0, 0], [0, 0], [0, 0]], [[0, 0], [0, 0], [1, 0], [0, 0], [0, 1], [1, 1], [0, 1], [0, 1], [0, 0]], [[0, 0], [0, 0], [1, 0], [0, 0], [0, 0], [1, 0], [0, 0], [0, 0], [0, 0]], [[0, 0], [0, 0], [1, 0], [0, 0], [0, 0], [1, 0], [0, 0], [0, 0], [0, 0]], [[0, 0], [0, 0], [0, 0], [0, 0], [0, 0], [0, 0], [0, 0], [0, 0], [0, 0]]]
[(5, 6, 0), (4, 5, 1), (6, 5, 1), (5, 4, 0), (4, 3, 1), (6, 3, 1), (5, 2, 0), (4, 1, 1), (6, 1, 1), (2, 6, 0), (2, 4, 0), (2, 2, 0), (1, 2, 1), (3, 2, 1), (1, 4, 1), (3, 4, 1)]
70
80
32
[[[0, 0], [0, 0], [0, 0], [0, 0], [0, 0], [0, 0], [1, 0], [0, 0], [0, 0]], [[0, 0], [0, 0], [0, 0], [0, 0], [0, 0], [1, 0], [1, 0], [0, 0], [0, 0]], [[0, 1], [0, 1], [0, 1], [0, 1], [0, 1], [1, 1], [1, 0], [0, 0], [0, 0]], [[0, 0], [1, 0], [0, 0], [0, 1], [0, 1], [0, 1], [1, 1], [0, 0], [0, 0]], [[0, 0], [1, 0], [1, 0], [0, 0], [0, 0], [0, 0], [0, 0], [0, 0], [0, 0]], [[0, 0], [1, 0], [1, 0], [0, 1], [0, 1], [0, 1], [0, 1], [0, 0], [0, 0]], [[0, 0], [1, 0], [0, 1], [0, 1], [0, 1], [0, 1], [1, 0], [0, 0], [0, 0]], [[0, 0], [0, 0], [0, 0], [0, 0], [0, 0], [0, 0], [1, 0], [0, 1], [0, 1]], [[0, 0], [0, 0], [0, 0], [0, 0], [0, 0], [0, 0], [0, 0], [0, 0], [0, 0]]]
[(6, 0, 0), (6, 2, 0), (5, 3, 1), (3, 3, 1), (2, 4, 0), (3, 5, 1), (5, 5, 1), (6, 6, 0), (7, 7, 1), (4, 6, 1), (2, 6, 1), (1, 5, 0), (1, 3, 0), (0, 2, 1), (2, 2, 1), (4, 2, 1), (5, 1, 0)]
70
90
20
